Prozessor:      Intel(R) Core(TM) i5-9300H 2.4GHz 
RAM-Speicher:   8,00 GB (7,88 GB verwendbar)
VM-Settings:    4096 MB

Die angeführten Messwerte sind in [Sekunden] gemessen.

N=1000
Bubblesort     |       Selectionsort       |       Insertionsort       |       Mergesort       |       Quicksort
---------------+---------------------------+---------------------------+-----------------------+-------------------
0,018465       |       0,002315            |       0,000534            |       0,000109        |       0,000089
0,002178       |       0,001104            |       0,000556            |       0,000110        |       0,000096
0,017170       |       0,001070            |       0,000589            |       0,000109        |       0,000091
---------------+---------------------------+---------------------------+-----------------------+-------------------
0,012604       |       0,001496            |       0,000560            |       0,000109        |       0,000092


N=10000
Bubblesort     |       Selectionsort       |       Insertionsort       |       Mergesort       |       Quicksort
---------------+---------------------------+---------------------------+-----------------------+-------------------
0,511196       |       0,288528            |       0,224540            |       0,015857        |       0,013216
0,621057       |       0,260634            |       0,212090            |       0,008828        |       0,001125
0,564632       |       0,274008            |       0,215976            |       0,001341        |       0,011590
---------------+---------------------------+---------------------------+-----------------------+-------------------
0,565628       |       0,274390            |       0,217535            |       0,008675        |       0,008644


N=50000
Bubblesort     |       Selectionsort       |       Insertionsort       |       Mergesort       |       Quicksort
---------------+---------------------------+---------------------------+-----------------------+-------------------
12,26098       |       4,254930            |       1,728508            |       0,038662        |       0,033876
9,040530       |       2,750392            |       1,510204            |       0,014962        |       0,036122
9,041074       |       2,731140            |       1,513276            |       0,033526        |       0,017851
---------------+---------------------------+---------------------------+-----------------------+-------------------
10,11420       |       3,245873            |       1,583996            |       0,029050        |       0,029283


N=100000
Bubblesort     |       Selectionsort       |       Insertionsort       |       Mergesort       |       Quicksort
---------------+---------------------------+---------------------------+-----------------------+-------------------
44,16078       |       18,18830            |       6,757791            |       0,045596        |       0,072394
45,21821       |       12,04723            |       7,023332            |       0,015714        |       0,036246
44,33349       |       11,09587            |       7,889032            |       0,081863        |       0,069763
---------------+---------------------------+---------------------------+-----------------------+-------------------
44,57083       |       13,77713            |       7,223385            |       0,047724        |       0,059468